4.6952765517889e-05, 0.09921119353929947, 0.07507747206310451, 0.039064700910883654, 0.03314865245562964, 0.01511879049676026, 0.03235045544182552, 0.02117569724856794, 0.06592168278711616, 0.05408958587660813, 0.00657338717250446, 0.004084890600056343, 0.02934547844868063, 0.03347732181425486, 0.01610479857263593, 0.06164898112498826, 0.035637149028077755, 0.001643346793126115, 0.031458352896985634, 0.07709644098037374, 0.14705606160202836, 0.014367546248474035, 0.006197765048361349, 0.08024227627007231, 4.6952765517889e-05, 0.019203681096816604, 0.0006103859517325571
0.08373786407766991, 0.009405339805825242, 0.018507281553398057, 0.06871966019417476, 0.041110436893203886, 0.00015169902912621358, 0.005006067961165049, 0.011074029126213593, 0.01820388349514563, 0.031401699029126214, 0.0006067961165048543, 0.015625, 0.06629247572815535, 0.025940533980582523, 0.2096480582524272, 0.00030339805825242716, 0.018052184466019416, 0.00015169902912621358, 0.12120752427184465, 0.060527912621359224, 0.11544296116504854, 0.009557038834951456, 0.020024271844660196, 0.012439320388349514, 0.000758495145631068, 0.03504247572815534, 0.001061893203883495
0.018621036738802214, 0.1303472571716155, 0.009058882737795673, 0.0020130850528434826, 0.0005032712632108706, 0.19073980875691998, 0.0005032712632108706, 0.0005032712632108706, 0.0005032712632108706, 0.03220936084549572, 0.0005032712632108706, 0.0005032712632108706, 0.03824861600402617, 0.0005032712632108706, 0.0005032712632108706, 0.1459486663311525, 0.0005032712632108706, 0.0005032712632108706, 0.018621036738802214, 0.02214393558127831, 0.0020130850528434826, 0.34675390035228987, 0.0010065425264217413, 0.0005032712632108706, 0.0005032712632108706, 0.035732259687971814, 0.0005032712632108706
0.04482029598308668, 0.11247357293868922, 0.00042283298097251583, 0.0054968287526427064, 0.00042283298097251583, 0.12304439746300211, 0.00042283298097251583, 0.00042283298097251583, 0.1306553911205074, 0.017758985200845664, 0.00042283298097251583, 0.1949260042283298, 0.03890063424947146, 0.006765327695560253, 0.00042283298097251583, 0.15644820295983086, 0.00042283298097251583, 0.00042283298097251583, 0.06596194503171247, 0.002536997885835095, 0.0507399577167019, 0.043551797040169135, 0.00042283298097251583, 0.00042283298097251583, 0.00042283298097251583, 0.0008456659619450317, 0.00042283298097251583
0.3831623134328358, 0.024253731343283583, 0.0018656716417910447, 0.0002332089552238806, 0.013526119402985074, 0.07346082089552239, 0.0002332089552238806, 0.006763059701492537, 0.0004664179104477612, 0.045242537313432835, 0.0011660447761194029, 0.0002332089552238806, 0.007695895522388059, 0.0009328358208955224, 0.0025652985074626866, 0.1021455223880597, 0.0009328358208955224, 0.0002332089552238806, 0.029617537313432835, 0.05153917910447761, 0.0004664179104477612, 0.008395522388059701, 0.0009328358208955224, 0.0006996268656716418, 0.0002332089552238806, 0.2427705223880597, 0.0002332089552238806
0.3804228143580709, 0.07101959920722307, 0.0023122660207002864, 0.014644351464435146, 0.053182118476106585, 0.03842765910592381, 0.005725611098876899, 0.00737722968509139, 0.005835719004624532, 0.006055934816119797, 0.0005505395287381634, 0.0025324818321955517, 0.03149086104382295, 0.012111869632239595, 0.06925787271526096, 0.0018718343977097555, 0.014644351464435146, 0.00033032371724289804, 0.10603391323497027, 0.07905747632680027, 0.03655582470821405, 0.00033032371724289804, 0.011891653820744329, 0.007707553402334287, 0.020259854657564413, 0.018718343977097554, 0.0016516185862144902
0.33940182054616386, 0.06892067620286085, 0.0006501950585175553, 0.0006501950585175553, 0.0006501950585175553, 0.05071521456436931, 0.06241872561768531, 0.0019505851755526658, 0.0013003901170351106, 0.06371911573472042, 0.0006501950585175553, 0.0006501950585175553, 0.06046814044213264, 0.0006501950585175553, 0.0006501950585175553, 0.13003901170351106, 0.0006501950585175553, 0.0006501950585175553, 0.1352405721716515, 0.002600780234070221, 0.0305591677503251, 0.022756827048114433, 0.0006501950585175553, 0.0019505851755526658, 0.018205461638491547, 0.002600780234070221, 0.0006501950585175553
0.382685686178062, 0.048204623708804725, 0.0004918839153959665, 0.0004918839153959665, 0.0004918839153959665, 0.1219872110181997, 0.0004918839153959665, 0.012297097884899164, 0.14510575504181014, 0.04771273979340875, 0.0004918839153959665, 0.0004918839153959665, 0.037383177570093455, 0.000983767830791933, 0.013280865715691098, 0.07378258730939498, 0.0004918839153959665, 0.0004918839153959665, 0.05263157894736842, 0.025086079685194294, 0.0004918839153959665, 0.03000491883915396, 0.0004918839153959665, 0.000983767830791933, 0.0004918839153959665, 0.001967535661583866, 0.0004918839153959665
0.11610777282419074, 0.122698197325063, 0.0015506881178522969, 0.0007753440589261484, 0.0021321961620469083, 0.4826516766815274, 0.0001938360147315371, 0.0001938360147315371, 0.01007947276603993, 0.12987012987012986, 0.0001938360147315371, 0.0001938360147315371, 0.001744524132583834, 0.0003876720294630742, 0.0007753440589261484, 0.052917232021709636, 0.0011630160883892228, 0.0001938360147315371, 0.015700717193254506, 0.0027137042062415195, 0.042837759255669704, 0.009885636751308394, 0.0001938360147315371, 0.0005815080441946114, 0.0001938360147315371, 0.0038767202946307423, 0.0001938360147315371
0.028430836522689993, 0.004373974849644614, 0.0030982321851649353, 0.04045926735921269, 0.06816110807362857, 0.03207581556406051, 0.014033169309276472, 0.04975396391470749, 0.0005467468562055768, 0.0012757426644796792, 0.00018224895206852561, 0.008201202843083653, 0.04209950792782941, 0.04683798068161108, 0.3160196828868234, 0.02569710224166211, 0.01202843083652269, 0.00018224895206852561, 0.03316930927647166, 0.12976125387279022, 0.1082558775287042, 0.001822489520685256, 0.022963367960634227, 0.0005467468562055768, 0.0012757426644796792, 0.00018224895206852561, 0.008565700747220703
0.011111111111111112, 0.10555555555555556, 0.005555555555555556, 0.005555555555555556, 0.005555555555555556, 0.05, 0.005555555555555556, 0.005555555555555556, 0.005555555555555556, 0.011111111111111112, 0.005555555555555556, 0.005555555555555556, 0.005555555555555556, 0.005555555555555556, 0.005555555555555556, 0.08888888888888889, 0.005555555555555556, 0.005555555555555556, 0.005555555555555556, 0.005555555555555556, 0.005555555555555556, 0.6166666666666667, 0.005555555555555556, 0.005555555555555556, 0.005555555555555556, 0.005555555555555556, 0.005555555555555556
0.35135135135135137, 0.031122031122031123, 0.004914004914004914, 0.009828009828009828, 0.000819000819000819, 0.1769041769041769, 0.000819000819000819, 0.000819000819000819, 0.000819000819000819, 0.10401310401310401, 0.000819000819000819, 0.000819000819000819, 0.015561015561015561, 0.001638001638001638, 0.03521703521703522, 0.004914004914004914, 0.013104013104013105, 0.000819000819000819, 0.000819000819000819, 0.13431613431613432, 0.004095004095004095, 0.002457002457002457, 0.000819000819000819, 0.004095004095004095, 0.000819000819000819, 0.09746109746109746, 0.000819000819000819
0.12484993997599039, 0.09873949579831932, 0.004501800720288115, 0.0027010804321728693, 0.03331332533013205, 0.1371548619447779, 0.011404561824729893, 0.00030012004801920766, 0.00030012004801920766, 0.14795918367346939, 0.00030012004801920766, 0.017707082833133252, 0.15396158463385354, 0.007503001200480192, 0.000900360144057623, 0.10654261704681872, 0.008703481392557022, 0.00030012004801920766, 0.006602641056422569, 0.033013205282112844, 0.007202881152460984, 0.010804321728691477, 0.0033013205282112846, 0.008703481392557022, 0.00030012004801920766, 0.07262905162064826, 0.00030012004801920766
0.27268339768339767, 0.08687258687258688, 0.015926640926640926, 0.0009652509652509653, 0.00048262548262548264, 0.16071428571428573, 0.00048262548262548264, 0.00048262548262548264, 0.0009652509652509653, 0.07577220077220077, 0.00048262548262548264, 0.00048262548262548264, 0.0014478764478764478, 0.04971042471042471, 0.0009652509652509653, 0.125, 0.05019305019305019, 0.00048262548262548264, 0.05694980694980695, 0.03088803088803089, 0.00048262548262548264, 0.03426640926640927, 0.00048262548262548264, 0.00048262548262548264, 0.00048262548262548264, 0.03137065637065637, 0.00048262548262548264
0.2105994787141616, 0.023110338835794962, 0.0001737619461337967, 0.02050390964378801, 0.19061685490877497, 0.05473501303214596, 0.004344048653344918, 0.15013032145960034, 0.0003475238922675934, 0.030929626411815812, 0.0005212858384013901, 0.02780191138140747, 0.007298001737619461, 0.0001737619461337967, 0.02206776715899218, 0.06099044309296264, 0.0005212858384013901, 0.0001737619461337967, 0.0003475238922675934, 0.044309296264118156, 0.12476107732406604, 0.016681146828844483, 0.0013900955690703736, 0.0005212858384013901, 0.0001737619461337967, 0.006602953953084275, 0.0001737619461337967
0.11428884505807582, 0.008656585579662503, 0.004821389436774052, 0.011834319526627219, 0.09434582511505589, 0.003725619110234495, 0.04985754985754986, 0.005698005698005698, 0.010409818102125795, 0.011505588428665352, 0.00010957703265395574, 0.017641902257286873, 0.02333990795529257, 0.05029585798816568, 0.09719482796405873, 0.14398422090729784, 0.01972386587771203, 0.00010957703265395574, 0.05566513258820951, 0.0277229892614508, 0.0440499671268902, 0.09818102125794434, 0.021148367302213457, 0.04887135656366426, 0.009971509971509971, 0.026517641902257288, 0.0003287310979618672
0.20987012987012987, 0.10493506493506494, 0.0005194805194805195, 0.0005194805194805195, 0.001038961038961039, 0.15116883116883117, 0.001038961038961039, 0.0005194805194805195, 0.005714285714285714, 0.06181818181818182, 0.0005194805194805195, 0.0005194805194805195, 0.07792207792207792, 0.0005194805194805195, 0.001038961038961039, 0.13350649350649352, 0.04103896103896104, 0.0005194805194805195, 0.055584415584415584, 0.07896103896103897, 0.011948051948051949, 0.04831168831168831, 0.0005194805194805195, 0.005194805194805195, 0.0005194805194805195, 0.005714285714285714, 0.0005194805194805195
0.013513513513513514, 0.013513513513513514, 0.013513513513513514, 0.013513513513513514, 0.013513513513513514, 0.013513513513513514, 0.013513513513513514, 0.013513513513513514, 0.013513513513513514, 0.013513513513513514, 0.013513513513513514, 0.013513513513513514, 0.013513513513513514, 0.013513513513513514, 0.013513513513513514, 0.013513513513513514, 0.013513513513513514, 0.013513513513513514, 0.013513513513513514, 0.013513513513513514, 0.013513513513513514, 0.6486486486486487, 0.013513513513513514, 0.013513513513513514, 0.013513513513513514, 0.013513513513513514, 0.013513513513513514
0.22848101265822784, 0.06181434599156118, 0.00569620253164557, 0.02088607594936709, 0.03375527426160337, 0.2107594936708861, 0.002531645569620253, 0.016244725738396623, 0.0012658227848101266, 0.06687763713080169, 0.0004219409282700422, 0.009704641350210971, 0.004852320675105486, 0.01751054852320675, 0.016877637130801686, 0.1449367088607595, 0.0012658227848101266, 0.0002109704641350211, 0.018143459915611813, 0.04810126582278481, 0.022362869198312235, 0.035654008438818566, 0.0033755274261603376, 0.00590717299578059, 0.0002109704641350211, 0.021940928270042195, 0.0002109704641350211
0.5179626377135558, 0.01900047900367236, 0.0009580073447229762, 0.019160146894459523, 0.0004790036723614881, 0.07600191601468945, 0.004790036723614881, 0.001117675235510139, 0.039916972696790676, 0.07041353983713876, 0.0001596678907871627, 0.008941401884081112, 0.026345201979881844, 0.004470700942040556, 0.00590771195912502, 0.020437490020756826, 0.025227526744371707, 0.0019160146894459523, 0.0001596678907871627, 0.028580552450902123, 0.10633881526425036, 0.016286124860290595, 0.0001596678907871627, 0.0035126935973175794, 0.0001596678907871627, 0.0014370110170844642, 0.0001596678907871627
0.24728260869565216, 0.051759834368530024, 0.0007763975155279503, 0.009963768115942028, 0.00038819875776397513, 0.05357142857142857, 0.00038819875776397513, 0.00012939958592132506, 0.2873964803312629, 0.057324016563147, 0.00012939958592132506, 0.00012939958592132506, 0.007763975155279503, 0.002070393374741201, 0.0007763975155279503, 0.15670289855072464, 0.00012939958592132506, 0.00012939958592132506, 0.034420289855072464, 0.04011387163561077, 0.017339544513457556, 0.01358695652173913, 0.002070393374741201, 0.004011387163561077, 0.00012939958592132506, 0.011387163561076604, 0.00012939958592132506
0.07769181173436493, 0.008704061895551257, 0.0051579626047711154, 0.041586073500967116, 0.03707285622179239, 0.019019987105093488, 0.0016118633139909735, 0.03127014829142489, 0.011283043197936816, 0.013539651837524178, 0.0003223726627981947, 0.0012894906511927789, 0.04771115409413282, 0.02256608639587363, 0.097678916827853, 0.013217279174725984, 0.07446808510638298, 0.0003223726627981947, 0.07833655705996131, 0.1031592520954223, 0.11444229529335913, 0.0003223726627981947, 0.003223726627981947, 0.0003223726627981947, 0.0006447453255963894, 0.008381689232753063, 0.18665377176015474
0.027061855670103094, 0.06829896907216494, 0.001288659793814433, 0.001288659793814433, 0.002577319587628866, 0.5889175257731959, 0.001288659793814433, 0.001288659793814433, 0.001288659793814433, 0.19845360824742267, 0.001288659793814433, 0.001288659793814433, 0.001288659793814433, 0.001288659793814433, 0.001288659793814433, 0.08118556701030928, 0.001288659793814433, 0.001288659793814433, 0.001288659793814433, 0.001288659793814433, 0.001288659793814433, 0.001288659793814433, 0.001288659793814433, 0.001288659793814433, 0.001288659793814433, 0.007731958762886598, 0.001288659793814433
0.10290556900726393, 0.13720742534301855, 0.00645682001614205, 0.0004035512510088781, 0.008071025020177562, 0.07586763518966909, 0.0004035512510088781, 0.0004035512510088781, 0.1162227602905569, 0.1016949152542373, 0.0004035512510088781, 0.0004035512510088781, 0.008071025020177562, 0.0004035512510088781, 0.05084745762711865, 0.35149313962873285, 0.0004035512510088781, 0.0004035512510088781, 0.013317191283292978, 0.016545601291364002, 0.0008071025020177562, 0.0008071025020177562, 0.0004035512510088781, 0.004035512510088781, 0.0004035512510088781, 0.0012106537530266344, 0.0004035512510088781
0.5473372781065089, 0.008875739644970414, 0.0029585798816568047, 0.05621301775147929, 0.0029585798816568047, 0.05621301775147929, 0.0029585798816568047, 0.0029585798816568047, 0.0029585798816568047, 0.029585798816568046, 0.0029585798816568047, 0.0029585798816568047, 0.0029585798816568047, 0.0029585798816568047, 0.0029585798816568047, 0.005917159763313609, 0.04142011834319527, 0.0029585798816568047, 0.0029585798816568047, 0.005917159763313609, 0.1804733727810651, 0.005917159763313609, 0.0029585798816568047, 0.0029585798816568047, 0.0029585798816568047, 0.014792899408284023, 0.0029585798816568047
0.6510113129928008, 0.013369900582790539, 0.004456633527596846, 0.0006856359273225917, 0.00034281796366129587, 0.04525197120329105, 0.002742543709290367, 0.00034281796366129587, 0.00034281796366129587, 0.01816935207404868, 0.00034281796366129587, 0.00034281796366129587, 0.004456633527596846, 0.00034281796366129587, 0.00034281796366129587, 0.1241001028453891, 0.002742543709290367, 0.00034281796366129587, 0.005827905382242029, 0.11278711004456633, 0.00411381556393555, 0.0017140898183064792, 0.0006856359273225917, 0.0034281796366129585, 0.00034281796366129587, 0.0010284538909838875, 0.00034281796366129587
0.41770186335403725, 0.02096273291925466, 0.003105590062111801, 0.0007763975155279503, 0.0007763975155279503, 0.02562111801242236, 0.0007763975155279503, 0.0007763975155279503, 0.0007763975155279503, 0.005434782608695652, 0.0007763975155279503, 0.0007763975155279503, 0.0007763975155279503, 0.0007763975155279503, 0.0007763975155279503, 0.006211180124223602, 0.0007763975155279503, 0.0007763975155279503, 0.0015527950310559005, 0.03260869565217391, 0.0007763975155279503, 0.003105590062111801, 0.002329192546583851, 0.0007763975155279503, 0.0007763975155279503, 0.0007763975155279503, 0.468944099378882